"NN_for.mean"
3234.85899301519
3402.38705698094
3694.46689194976
3907.29692384492
3874.57364779014
3735.81702896492
3931.94345975524
3833.02191967164
3983.68886423304
4270.11404426858
4303.4329893379
4274.04632810339
4158.80598678479
4171.46434199147
4079.7766941741
4285.16656764074
4574.34104307086
4535.31275005336
4459.44867341274
4529.64581006323
4640.82110782915
4592.69563826368
4717.70569141245
4963.27171768376
5034.92951352382
4983.07565034487
4868.00246040765
4820.3992362123
4654.54249966688
4798.8487562598
4998.98797818443
