"TBATS_for_july2011.mean"
3598.77063732899
3886.33378380212
4038.79884040419
3944.30717453498
3896.59533555648
3943.39805636336
3922.08348081996
3951.28849348337
4141.0614919302
4229.65688912946
4106.77267431319
4045.93305661846
4082.44897215361
4048.28618406325
4068.24852663097
4255.09672350156
4338.69305667512
4206.03132400446
4137.53705509616
4168.84202708217
4128.07238340558
4142.53356480488
4326.57961338521
4405.14783110331
4264.09463555996
4188.25693179919
4213.34250787194
4165.43499898959
4173.13132391701
4351.15562838597
4422.47334510085
