"ARIMA_Four_for.mean"
3664.52883698896
3991.81245229167
4116.23863459278
3947.96415714088
3898.0006871068
3966.27693023202
3867.91026924234
3899.99826932815
4060.71060336528
4072.80331612496
3915.99069204674
3871.77814045854
3953.52639788446
3864.83868161964
3890.33137416473
4010.87190907478
4036.5178088123
3914.35717673598
3909.88973794204
3957.55111063013
3882.81818382205
3962.73357592389
4157.58472517506
4144.04269846915
3938.6429569132
3883.21618273295
3976.1446638326
3929.6392603248
3964.23731354921
4113.86578465375
4153.35685319299
